observedAt	lib	status	bytes	sha256	new	url
2026-09-23T19:19:24.151Z		200	95942	3781828c710d7a544f70d3c1b8a838baf6b58001eabb2140ad964f3055f914a2	ja	https://query2.finance.yahoo.com/v10/finance/quoteSummary/NOC?formatted=false&modules=summaryDetail%2CfinancialData%2CdefaultKeyStatistics%2CsummaryProfile%2CinsiderTransactions%2CinsiderHolders%2CupgradeDowngradeHistory
2026-09-23T19:19:24.256Z		200	5588	76bb24ea5e573b7c2c1397c4561b8e13027ab2f720db28d512c23fd846a06160	ja	https://query2.finance.yahoo.com/v10/finance/quoteSummary/NOC?formatted=false&modules=summaryDetail%2CfinancialData%2CdefaultKeyStatistics%2CsummaryProfile
2026-09-27T08:21:22.950Z		200	96159	d496dad2464263954026cfa5fb2ddc539e49adaf3bd7f7639882f7308e68b807	ja	https://query2.finance.yahoo.com/v10/finance/quoteSummary/NOC?formatted=false&modules=summaryDetail%2CfinancialData%2CdefaultKeyStatistics%2CsummaryProfile%2CinsiderTransactions%2CinsiderHolders%2CupgradeDowngradeHistory
2026-09-27T08:21:23.047Z		200	5603	d153234cafabbb5eb151e9b3e2162893b393a171f5d65921ac6b29fe561a5b3c	ja	https://query2.finance.yahoo.com/v10/finance/quoteSummary/NOC?formatted=false&modules=summaryDetail%2CfinancialData%2CdefaultKeyStatistics%2CsummaryProfile
2026-09-27T17:02:45.780Z		200	96158	fbdbdd1c37c2560f1dec6653f2644c9e5e90cf64249c160a3b286f28ae4c1a33	ja	https://query2.finance.yahoo.com/v10/finance/quoteSummary/NOC?formatted=false&modules=summaryDetail%2CfinancialData%2CdefaultKeyStatistics%2CsummaryProfile%2CinsiderTransactions%2CinsiderHolders%2CupgradeDowngradeHistory
2026-09-27T17:02:45.881Z		200	5602	299dc80f835890d547ac22e10afcab6034c610469f1b3785873d06f6f3a1879d	ja	https://query2.finance.yahoo.com/v10/finance/quoteSummary/NOC?formatted=false&modules=summaryDetail%2CfinancialData%2CdefaultKeyStatistics%2CsummaryProfile
2026-09-29T08:53:58.591Z		200	96156	6bbb36e9fccc455dc2ba88e20482385d7854c2d235fb7da1b86a4a5f775bafd0	ja	https://query2.finance.yahoo.com/v10/finance/quoteSummary/NOC?formatted=false&modules=summaryDetail%2CfinancialData%2CdefaultKeyStatistics%2CsummaryProfile%2CinsiderTransactions%2CinsiderHolders%2CupgradeDowngradeHistory
2026-09-29T08:53:58.690Z		200	5600	567de203ac97b860497ae390cf881181f5b810d40b8b545cac2cdc3519b4af7a	ja	https://query2.finance.yahoo.com/v10/finance/quoteSummary/NOC?formatted=false&modules=summaryDetail%2CfinancialData%2CdefaultKeyStatistics%2CsummaryProfile
2026-10-03T09:14:22.610Z		200	96029	3de899ad916dedbe7634174ef530bc145d938af4ffe3a3020fb1a1957d200965	ja	https://query2.finance.yahoo.com/v10/finance/quoteSummary/NOC?formatted=false&modules=summaryDetail%2CfinancialData%2CdefaultKeyStatistics%2CsummaryProfile%2CinsiderTransactions%2CinsiderHolders%2CupgradeDowngradeHistory
2026-10-10T08:37:19.450Z		200	96263	eac51f9d54a3f136e0e879ee3fab3c36e0ad57f28ddfd59876b9b3802d18b200	ja	https://query2.finance.yahoo.com/v10/finance/quoteSummary/NOC?formatted=false&modules=summaryDetail%2CfinancialData%2CdefaultKeyStatistics%2CsummaryProfile%2CinsiderTransactions%2CinsiderHolders%2CupgradeDowngradeHistory
